shape_id,shape_pt_lat,shape_pt_lon,shape_pt_sequence
M2,29.9816,31.211557,0
M2,29.984286,31.210055,1
M2,29.986144,31.209358,2
M2,29.98752,31.209047,3
M2,29.989657,31.208864,4
M2,29.994666,31.208704,5
M2,29.999962,31.208521,6
M2,30.005425,31.208124,7
M2,30.007571,31.208135,8
M2,30.010005,31.20747,9
M2,30.011947,31.206418,10
M2,30.013201,31.20556,11
M2,30.015292,31.204809,12
M2,30.019045,31.203457,13
M2,30.027498,31.200689,14
M2,30.030944,31.199305,15
M2,30.032272,31.198575,16
M2,30.03321,31.198103,17
M2,30.033749,31.198221,18
M2,30.03543,31.199852,19
M2,30.035779,31.20026,20
M2,30.036526,31.203693,21
M2,30.037998,31.210404,22
M2,30.038792,31.214052,23
M2,30.039666,31.218188,24
M2,30.040079,31.220854,25
M2,30.040427,31.222292,26
M2,30.04221,31.225483,27
M2,30.043209,31.227533,28
M2,30.043729,31.232377,29
M2,30.043929,31.235622,30
M2,30.044453,31.239989,31
M2,30.04469,31.242043,32
M2,30.044883,31.243669,33
M2,30.044913,31.243993,34
M2,30.045598,31.244345,35
M2,30.046517,31.244785,36
M2,30.048405,31.245686,37
M2,30.049118,31.246032,38
M2,30.050376,31.246627,39
M2,30.050731,31.246804,40
M2,30.052329,31.246853,41
M2,30.053074,31.24685,42
M2,30.054776,31.246684,43
M2,30.055458,31.246576,44
M2,30.056517,31.246324,45
M2,30.058574,31.246367,46
M2,30.059604,31.246303,47
M2,30.061299,31.246297,48
M2,30.061647,31.246287,49
M2,30.062455,31.245536,50
M2,30.063237,31.244817,51
M2,30.064897,31.245066,52
M2,30.06534,31.245125,53
M2,30.06625,31.245117,54
M2,30.068112,31.245082,55
M2,30.070338,31.245039,56
M2,30.072123,31.245053,57
M2,30.073527,31.245066,58
M2,30.074837,31.245042,59
M2,30.076276,31.24512,60
M2,30.077292,31.245155,61
M2,30.078051,31.245179,62
M2,30.078859,31.245249,63
M2,30.080008,31.245372,64
M2,30.081356,31.245436,65
M2,30.082714,31.245461,66
M2,30.083881,31.245495,67
M2,30.085474,31.245514,68
M2,30.086581,31.245557,69
M2,30.087439,31.245528,70
M2,30.088546,31.245436,71
M2,30.089853,31.245361,72
M2,30.091143,31.245085,73
M2,30.092459,31.245112,74
M2,30.093132,31.245139,75
M2,30.094121,31.24519,76
M2,30.095655,31.245214,77
M2,30.097063,31.245233,78
M2,30.09798,31.245404,79
M2,30.098929,31.245418,80
M2,30.100208,31.245431,81
M2,30.101347,31.245418,82
M2,30.102433,31.24545,83
M2,30.103368,31.245541,84
M2,30.104415,31.246507,85
M2,30.105002,31.246729,86
M2,30.10557,31.246558,87
M2,30.10673,31.246171,88
M2,30.107568,31.246372,89
M2,30.108311,31.246606,90
M2,30.108756,31.24682,91
M2,30.109912,31.247368,92
M2,30.111111,31.247904,93
M2,30.112174,31.248153,94
M2,30.112552,31.248226,95
M2,30.113775,31.248642,96
M2,30.114942,31.249065,97
M2,30.115526,31.249183,98
M2,30.116464,31.24899,99
M2,30.117782,31.247971,100
M2,30.119202,31.246791,101
M2,30.119795,31.246523,102
M2,30.120464,31.246308,103
M2,30.120955,31.246094,104
M2,30.124779,31.242896,105
M1,29.848824,31.334252,0
M1,29.851113,31.334145,1
M1,29.852202,31.333662,2
M1,29.854695,31.331388,3
M1,29.861209,31.326045,4
M1,29.862604,31.325026,5
M1,29.868503,31.320713,6
M1,29.876048,31.315327,7
M1,29.880328,31.312795,8
M1,29.890606,31.307312,9
M1,29.897192,31.30404,10
M1,29.903907,31.300639,11
M1,29.909506,31.298043,12
M1,29.917178,31.29432,13
M1,29.919382,31.29329,14
M1,29.920544,31.292517,15
M1,29.922236,31.290613,16
M1,29.923931,31.288966,17
M1,29.924301,31.288607,18
M1,29.925874,31.287628,19
M1,29.927364,31.28671,20
M1,29.927941,31.286386,21
M1,29.928617,31.286007,22
M1,29.92991,31.285283,23
M1,29.931437,31.284366,24
M1,29.932144,31.283948,25
M1,29.933954,31.282912,26
M1,29.93616,31.281665,27
M1,29.938589,31.280281,28
M1,29.941771,31.278492,29
M1,29.94185,31.278452,30
M1,29.943168,31.27743,31
M1,29.943619,31.277086,32
M1,29.944125,31.276499,33
M1,29.94492,31.275558,34
M1,29.945566,31.274603,35
M1,29.946505,31.273178,36
M1,29.947579,31.271438,37
M1,29.948399,31.270086,38
M1,29.948915,31.269249,39
M1,29.949905,31.267605,40
M1,29.951318,31.265295,41
M1,29.951388,31.265191,42
M1,29.952539,31.263769,43
M1,29.953182,31.263075,44
M1,29.953933,31.262404,45
M1,29.955248,31.261369,46
M1,29.956863,31.260202,47
M1,29.957988,31.259389,48
M1,29.960061,31.257909,49
M1,29.961613,31.256761,50
M1,29.963128,31.255648,51
M1,29.964992,31.254301,52
M1,29.968117,31.25204,53
M1,29.971036,31.249918,54
M1,29.973148,31.248363,55
M1,29.97341,31.248178,56
M1,29.974672,31.247349,57
M1,29.976175,31.246308,58
M1,29.977497,31.245326,59
M1,29.978594,31.244516,60
M1,29.979523,31.243851,61
M1,29.983329,31.241072,62
M1,29.985912,31.239152,63
M1,29.989072,31.236845,64
M1,29.990893,31.235536,65
M1,29.992668,31.233895,66
M1,29.996961,31.229914,67
M1,29.997732,31.229464,68
M1,29.999084,31.229013,69
M1,30.000022,31.228809,70
M1,30.000714,31.228788,71
M1,30.002461,31.229013,72
M1,30.004157,31.22926,73
M1,30.006117,31.229571,74
M1,30.008189,31.23,75
M1,30.008881,31.230086,76
M1,30.010279,31.229984,77
M1,30.011715,31.229877,78
M1,30.013308,31.229898,79
M1,30.014325,31.230124,80
M1,30.015175,31.230424,81
M1,30.017461,31.2311,82
M1,30.02179,31.23242,83
M1,30.02296,31.232725,84
M1,30.024288,31.232951,85
M1,30.02616,31.233246,86
M1,30.027033,31.233584,87
M1,30.027614,31.233975,88
M1,30.02924,31.235429,89
M1,30.029699,31.235853,90
M1,30.030405,31.236373,91
M1,30.030846,31.236577,92
M1,30.031134,31.236695,93
M1,30.033308,31.237194,94
M1,30.03436,31.237473,95
M1,30.036405,31.23802,96
M1,30.0369,31.238143,97
M1,30.03709,31.238197,98
M1,30.037599,31.238245,99
M1,30.038881,31.238371,100
M1,30.0398,31.238151,101
M1,30.040578,31.237974,102
M1,30.040933,31.237878,103
M1,30.042296,31.23684,104
M1,30.043924,31.23566,105
M1,30.044969,31.23544,106
M1,30.045937,31.235257,107
M1,30.046571,31.235008,108
M1,30.047119,31.23482,109
M1,30.047968,31.234785,110
M1,30.049454,31.234767,111
M1,30.049837,31.234772,112
M1,30.051307,31.236362,113
M1,30.054311,31.23956,114
M1,30.058081,31.243379,115
M1,30.06031,31.245482,116
M1,30.06161,31.246212,117
M1,30.062385,31.248255,118
M1,30.063175,31.250278,119
M1,30.06376,31.251753,120
M1,30.064846,31.254387,121
M1,30.066931,31.259569,122
M1,30.068685,31.263925,123
M1,30.069224,31.265566,124
M1,30.070282,31.267315,125
M1,30.071462,31.268946,126
M1,30.07278,31.270351,127
M1,30.073699,31.271414,128
M1,30.075166,31.273538,129
M1,30.075677,31.274353,130
M1,30.076698,31.276714,131
M1,30.078936,31.281885,132
M1,30.080904,31.286134,133
M1,30.081554,31.287035,134
M1,30.083902,31.289964,135
M1,30.087022,31.293912,136
M1,30.090735,31.298558,137
M1,30.092675,31.300521,138
M1,30.093195,31.30109,139
M1,30.096787,31.303879,140
M1,30.099321,31.305478,141
M1,30.10114,31.306572,142
M1,30.103851,31.308836,143
M1,30.106886,31.311089,144
M1,30.109587,31.313009,145
M1,30.110441,31.31346,146
M1,30.112046,31.313878,147
M1,30.113373,31.314018,148
M1,30.114923,31.3139,149
M1,30.116371,31.313567,150
M1,30.116761,31.313535,151
M1,30.119229,31.31346,152
M1,30.120092,31.313479,153
M1,30.121331,31.313868,154
M1,30.122867,31.314688,155
M1,30.126069,31.316483,156
M1,30.136684,31.322172,157
M1,30.140544,31.325905,158
M1,30.142107,31.327869,159
M1,30.144269,31.330605,160
M1,30.146547,31.33334,161
M1,30.147243,31.333941,162
M1,30.147558,31.334209,163
M1,30.148792,31.334853,164
M1,30.150112,31.335247,165
M1,30.152039,31.335805,166
M1,30.153887,31.336138,167
M1,30.155288,31.336487,168
M1,30.156221,31.336749,169
M1,30.157918,31.337246,170
M1,30.159147,31.337541,171
M1,30.160209,31.337597,172
M1,30.161446,31.337619,173
M1,30.161946,31.337672,174
M1,30.162146,31.337694,175
M1,30.16261,31.337838,176
M1,30.163282,31.338176,177
M1,30.163551,31.338335,178
M3,30.053078,31.24684,0
M3,30.053373,31.24766,1
M3,30.05173,31.252048,2
M3,30.051623,31.252869,3
M3,30.052008,31.253759,4
M3,30.053225,31.255288,5
M3,30.054632,31.257037,6
M3,30.055333,31.257868,7
M3,30.056071,31.258796,8
M3,30.057636,31.26069,9
M3,30.059316,31.262659,10
M3,30.060347,31.264,11
M3,30.06083,31.264944,12
M3,30.061907,31.267256,13
M3,30.06232,31.268131,14
M3,30.062548,31.26878,15
M3,30.063007,31.270067,16
M3,30.064131,31.27313,17
M3,30.065064,31.275727,18
M3,30.065241,31.276183,19
M3,30.065412,31.27695,20
M3,30.065714,31.277245,21
M3,30.067362,31.278849,22
M3,30.06888,31.280335,23
M3,30.071229,31.282588,24
M3,30.072251,31.28358,25
M3,30.072789,31.2841,26
M3,30.073045,31.284744,27
M3,30.073059,31.285608,28
M3,30.072358,31.286702,29
M3,30.070236,31.290001,30
M3,30.069373,31.29083,31
M3,30.069168,31.291396,32
M3,30.069178,31.292354,33
M3,30.06986,31.293633,34
M3,30.070431,31.294666,35
M3,30.070911,31.295564,36
M3,30.07165,31.296905,37
M3,30.072107,31.297747,38
M3,30.072613,31.299115,39
M3,30.073135,31.300601,40
M3,30.073604,31.302031,41
M3,30.073825,31.302707,42
M3,30.074082,31.30385,43
M3,30.074175,31.304265,44
M3,30.074997,31.306626,45
M3,30.075995,31.309538,46
M3,30.075934,31.310099,47
M3,30.075633,31.310874,48
M3,30.07414,31.313629,49
M3,30.072699,31.3163,50
M3,30.072785,31.317132,51
M3,30.073247,31.318001,52
M3,30.074416,31.320055,53
M3,30.074997,31.321147,54
M3,30.075621,31.32211,55
M3,30.076208,31.323239,56
M3,30.076854,31.324494,57
M3,30.077724,31.326147,58
M3,30.077877,31.326447,59
M3,30.078351,31.326458,60
M3,30.079209,31.326512,61
M3,30.080249,31.326774,62
M3,30.080959,31.327145,63
M3,30.082663,31.32826,64
M3,30.084422,31.329301,65
M3,30.086325,31.32907,66
M3,30.087337,31.328931,67
M3,30.089203,31.328142,68
M3,30.091259,31.326592,69
363_220_Bus_CTA_1044_Shape,29.98030853,31.21342659,0
363_220_Bus_CTA_1044_Shape,29.98177719,31.21222878,1
363_220_Bus_CTA_1044_Shape,29.98223114,31.21211624,2
363_220_Bus_CTA_1044_Shape,29.98310852,31.21221352,3
363_220_Bus_CTA_1044_Shape,29.98309517,31.21208763,4
363_220_Bus_CTA_1044_Shape,29.98212814,31.21209145,5
363_220_Bus_CTA_1044_Shape,29.98213005,31.21185493,6
363_220_Bus_CTA_1044_Shape,29.98283386,31.21115303,7
363_220_Bus_CTA_1044_Shape,29.98282623,31.21100235,8
363_220_Bus_CTA_1044_Shape,29.98302841,31.21107292,9
363_220_Bus_CTA_1044_Shape,29.98303413,31.21092224,10
363_220_Bus_CTA_1044_Shape,29.98353195,31.21078873,11
363_220_Bus_CTA_1044_Shape,29.98420334,31.21024513,12
363_220_Bus_CTA_1044_Shape,29.98497009,31.21019363,13
363_220_Bus_CTA_1044_Shape,29.98582649,31.2096405,14
363_220_Bus_CTA_1044_Shape,29.98608971,31.20987511,15
363_220_Bus_CTA_1044_Shape,29.98657417,31.20985413,16
363_220_Bus_CTA_1044_Shape,29.98683167,31.20957565,17
363_220_Bus_CTA_1044_Shape,29.98726463,31.20949554,18
363_220_Bus_CTA_1044_Shape,29.98762321,31.20984268,19
363_220_Bus_CTA_1044_Shape,29.98823166,31.20934105,20
363_220_Bus_CTA_1044_Shape,29.98916245,31.20919228,21
363_220_Bus_CTA_1044_Shape,29.98975754,31.20930481,22
363_220_Bus_CTA_1044_Shape,29.99226761,31.20921135,23
363_220_Bus_CTA_1044_Shape,29.99280167,31.20943069,24
363_220_Bus_CTA_1044_Shape,29.99393082,31.20905876,25
363_220_Bus_CTA_1044_Shape,29.99526787,31.20907593,26
363_220_Bus_CTA_1044_Shape,29.99601364,31.2089119,27
363_220_Bus_CTA_1044_Shape,29.99741554,31.20904541,28
363_220_Bus_CTA_1044_Shape,30.00028801,31.20892334,29
363_220_Bus_CTA_1044_Shape,30.00061035,31.2087841,30
363_220_Bus_CTA_1044_Shape,30.00397301,31.2089653,31
363_220_Bus_CTA_1044_Shape,30.0055275,31.20882607,32
363_220_Bus_CTA_1044_Shape,30.00686073,31.20893288,33
363_220_Bus_CTA_1044_Shape,30.00710106,31.20919609,34
363_220_Bus_CTA_1044_Shape,30.00732613,31.20897293,35
363_220_Bus_CTA_1044_Shape,30.00798988,31.2089653,36
363_220_Bus_CTA_1044_Shape,30.00811005,31.20875549,37
363_220_Bus_CTA_1044_Shape,30.00864983,31.20903206,38
363_220_Bus_CTA_1044_Shape,30.01068497,31.20905304,39
363_220_Bus_CTA_1044_Shape,30.0112133,31.20878792,40
363_220_Bus_CTA_1044_Shape,30.01202965,31.20881081,41
363_220_Bus_CTA_1044_Shape,30.01408005,31.2093792,42
363_220_Bus_CTA_1044_Shape,30.01479721,31.21020889,43
363_220_Bus_CTA_1044_Shape,30.01549721,31.21186256,44
363_220_Bus_CTA_1044_Shape,30.01628876,31.2122097,45
363_220_Bus_CTA_1044_Shape,30.01796532,31.21184349,46
363_220_Bus_CTA_1044_Shape,30.0228157,31.21136093,47
363_220_Bus_CTA_1044_Shape,30.02425766,31.21137619,48
363_220_Bus_CTA_1044_Shape,30.02546692,31.21102333,49
363_220_Bus_CTA_1044_Shape,30.02738762,31.2111702,50
363_220_Bus_CTA_1044_Shape,30.02801895,31.21264267,51
363_220_Bus_CTA_1044_Shape,30.02803421,31.21434593,52
363_220_Bus_CTA_1044_Shape,30.02832603,31.21562386,53
363_220_Bus_CTA_1044_Shape,30.0282135,31.21610069,54
363_220_Bus_CTA_1044_Shape,30.02847862,31.21677971,55
363_220_Bus_CTA_1044_Shape,30.02863503,31.21791458,56
363_220_Bus_CTA_1044_Shape,30.02831841,31.22481728,57
363_220_Bus_CTA_1044_Shape,30.02849579,31.22491264,58
363_220_Bus_CTA_1044_Shape,30.02848434,31.22555733,59
363_220_Bus_CTA_1044_Shape,30.02863503,31.22569275,60
363_220_Bus_CTA_1044_Shape,30.02869034,31.22619438,61
363_220_Bus_CTA_1044_Shape,30.02829742,31.22622871,62
363_220_Bus_CTA_1044_Shape,30.02845383,31.22636795,63
363_220_Bus_CTA_1044_Shape,30.02827644,31.22652054,64
363_220_Bus_CTA_1044_Shape,30.02824783,31.22686195,65
363_220_Bus_CTA_1044_Shape,30.02859306,31.22741699,66
363_220_Bus_CTA_1044_Shape,30.02867699,31.22837257,67
363_220_Bus_CTA_1044_Shape,30.02928352,31.23086929,68
363_220_Bus_CTA_1044_Shape,30.02810287,31.2312355,69
363_220_Bus_CTA_1044_Shape,30.02295113,31.23023415,70
363_220_Bus_CTA_1044_Shape,30.02227974,31.23066902,71
363_220_Bus_CTA_1044_Shape,30.02203941,31.23193359,72
363_220_Bus_CTA_1044_Shape,30.02213478,31.23392105,73
363_220_Bus_CTA_1044_Shape,30.02109528,31.23688316,74
363_220_Bus_CTA_1044_Shape,30.02112579,31.23815727,75
363_220_Bus_CTA_1044_Shape,30.02097702,31.23864555,76
363_220_Bus_CTA_1044_Shape,30.02112198,31.23918343,77
363_220_Bus_CTA_1044_Shape,30.0211277,31.24093056,78
363_220_Bus_CTA_1044_Shape,30.02064323,31.24275398,79
363_220_Bus_CTA_1044_Shape,30.02051163,31.24520111,80
363_220_Bus_CTA_1044_Shape,30.0187912,31.24949455,81
363_220_Bus_CTA_1044_Shape,30.01876259,31.24967766,82
363_220_Bus_CTA_1044_Shape,30.01897621,31.24982834,83
363_220_Bus_CTA_1044_Shape,30.01878929,31.24984169,84
363_220_Bus_CTA_1044_Shape,30.01862144,31.25011635,85
363_220_Bus_CTA_1044_Shape,30.01804161,31.25164986,86
363_220_Bus_CTA_1044_Shape,30.01812172,31.25189972,87
363_220_Bus_CTA_1044_Shape,30.01829338,31.2521801,88
363_220_Bus_CTA_1044_Shape,30.02066422,31.2537899,89
363_220_Bus_CTA_1044_Shape,30.02225494,31.25528717,90
363_220_Bus_CTA_1044_Shape,30.02392197,31.25654602,91
363_220_Bus_CTA_1044_Shape,30.02439308,31.25713539,92
363_220_Bus_CTA_1044_Shape,30.02472305,31.2603054,93
363_220_Bus_CTA_1044_Shape,30.02533913,31.26178741,94
363_220_Bus_CTA_1044_Shape,30.02762413,31.26388168,95
363_220_Bus_CTA_1044_Shape,30.02998161,31.26673698,96
363_220_Bus_CTA_1044_Shape,30.02951431,31.26815033,97
363_220_Bus_CTA_1044_Shape,30.02861595,31.26986122,98
363_220_Bus_CTA_1044_Shape,30.02956963,31.2688427,99
363_220_Bus_CTA_1044_Shape,30.03025055,31.26781273,100
363_220_Bus_CTA_1044_Shape,30.03052902,31.26764297,101
363_220_Bus_CTA_1044_Shape,30.03211594,31.26742172,102
363_220_Bus_CTA_1044_Shape,30.0332737,31.26747894,103
363_220_Bus_CTA_1044_Shape,30.03445435,31.26802063,104
363_220_Bus_CTA_1044_Shape,30.04632568,31.28031731,105
363_220_Bus_CTA_1044_Shape,30.0477047,31.28234863,106
363_220_Bus_CTA_1044_Shape,30.04977417,31.28687668,107
363_220_Bus_CTA_1044_Shape,30.05082703,31.28798866,108
363_220_Bus_CTA_1044_Shape,30.05149269,31.28844643,109
363_220_Bus_CTA_1044_Shape,30.05460548,31.29174042,110
363_220_Bus_CTA_1044_Shape,30.05511475,31.29262352,111
363_220_Bus_CTA_1044_Shape,30.05534554,31.29310417,112
363_220_Bus_CTA_1044_Shape,30.05635643,31.29918671,113
363_220_Bus_CTA_1044_Shape,30.05670929,31.29963875,114
363_220_Bus_CTA_1044_Shape,30.05740929,31.30120277,115
363_220_Bus_CTA_1044_Shape,30.05804825,31.30209923,116
363_220_Bus_CTA_1044_Shape,30.06628037,31.3182373,117
363_220_Bus_CTA_1044_Shape,30.06741905,31.32515144,118
363_220_Bus_CTA_1044_Shape,30.06763649,31.3284874,119
363_220_Bus_CTA_1044_Shape,30.06780624,31.32929802,120
363_220_Bus_CTA_1044_Shape,30.06809616,31.32941628,121
363_220_Bus_CTA_1044_Shape,30.06789207,31.32951355,122
363_220_Bus_CTA_1044_Shape,30.06787491,31.33000946,123
363_220_Bus_CTA_1044_Shape,30.0681324,31.33395576,124
363_220_Bus_CTA_1044_Shape,30.0694561,31.34386635,125
363_220_Bus_CTA_1044_Shape,30.07007027,31.35067749,126
363_220_Bus_CTA_1044_Shape,30.07049942,31.35232544,127
363_220_Bus_CTA_1044_Shape,30.07137489,31.35430336,128
363_220_Bus_CTA_1044_Shape,30.07433319,31.3585701,129
363_220_Bus_CTA_1044_Shape,30.0757618,31.36034966,130
363_220_Bus_CTA_1044_Shape,30.07705307,31.36132622,131
363_220_Bus_CTA_1044_Shape,30.08049011,31.36190605,132
363_220_Bus_CTA_1044_Shape,30.08200073,31.36246109,133
363_220_Bus_CTA_1044_Shape,30.08684349,31.36705208,134
363_220_Bus_CTA_1044_Shape,30.08982658,31.36905098,135
363_220_Bus_CTA_1044_Shape,30.09049988,31.36980438,136
363_220_Bus_CTA_1044_Shape,30.09093666,31.37072563,137
363_220_Bus_CTA_1044_Shape,30.09152603,31.3797493,138
363_220_Bus_CTA_1044_Shape,30.0920105,31.38127708,139
363_220_Bus_CTA_1044_Shape,30.0930748,31.38233757,140
363_220_Bus_CTA_1044_Shape,30.09387779,31.38261604,141
363_220_Bus_CTA_1044_Shape,30.09568405,31.38285446,142
363_220_Bus_CTA_1044_Shape,30.09657097,31.38321877,143
363_220_Bus_CTA_1044_Shape,30.10247421,31.38731575,144
363_220_Bus_CTA_1044_Shape,30.1033802,31.38758659,145
363_220_Bus_CTA_1044_Shape,30.1043129,31.38749695,146
363_220_Bus_CTA_1044_Shape,30.11097145,31.38348389,147
363_220_Bus_CTA_1044_Shape,30.11176872,31.38294029,148
363_220_Bus_CTA_1044_Shape,30.11237144,31.38224411,149
363_220_Bus_CTA_1044_Shape,30.11271286,31.38134956,150
363_220_Bus_CTA_1044_Shape,30.11271477,31.38042068,151
363_220_Bus_CTA_1044_Shape,30.11247635,31.37952995,152
363_220_Bus_CTA_1044_Shape,30.11175728,31.37753677,153
363_220_Bus_CTA_1044_Shape,30.10923576,31.37232018,154